  0.00   2489.70419991
  1.00    34.08259780
  2.00    -0.03683468
  3.00   -553.26480495
  4.00   -608.28412395
  5.00    -7.57388100
  6.00     0.00952444
  7.00   124.74276208
  8.00   2712.61181659
  9.00    35.97151571
 10.00    -0.03892829
 11.00   -590.56696586
 12.00   1520.08204986
 13.00    21.52695811
 14.00    -0.02519754
 15.00   -341.42188510
 16.00   -1630.36627540
 17.00   -19.58585922
 18.00     0.02059115
 19.00   335.09931147
 20.00   -3452.25384049
 21.00   -47.68892118
 22.00     0.05656912
 23.00   761.72024379
